# Time (s),Mass (g),T Back (K),T Front (K)
0,68.400,293.000,293.000
1,68.400,293.000,486.211
2,68.400,293.000,539.590
3,68.398,293.000,575.381
4,68.393,293.000,602.171
5,68.384,293.000,623.347
6,68.370,293.000,640.595
7,68.351,293.000,654.929
8,68.324,293.000,667.114
9,68.290,293.000,677.730
10,68.247,293.000,687.198
11,68.194,293.000,695.794
12,68.132,293.000,703.684
13,68.060,293.000,710.972
14,67.978,293.000,717.717
15,67.886,293.000,723.964
16,67.787,293.000,729.745
17,67.680,293.000,735.091
18,67.569,293.000,740.032
19,67.456,293.000,744.613
20,67.341,293.000,748.885
21,67.227,293.000,752.960
22,67.115,293.000,756.888
23,67.004,293.000,760.673
24,66.894,293.000,764.321
25,66.785,293.000,767.912
26,66.677,293.000,771.375
27,66.569,293.000,774.643
28,66.462,293.000,777.861
29,66.356,293.000,780.968
30,66.250,293.000,783.898
31,66.146,293.000,786.779
32,66.042,293.000,789.573
33,65.938,293.000,792.249
34,65.836,293.000,794.811
35,65.734,293.000,797.339
36,65.633,293.000,799.782
37,65.533,293.000,802.107
38,65.433,293.000,804.393
39,65.334,293.001,806.622
40,65.235,293.001,808.773
41,65.138,293.001,810.840
42,65.041,293.001,812.878
43,64.945,293.002,814.863
44,64.850,293.002,816.771
45,64.755,293.003,818.633
46,64.661,293.004,820.461
47,64.567,293.005,822.241
48,64.474,293.007,823.956
49,64.382,293.009,825.638
50,64.290,293.011,827.288
51,64.199,293.013,828.897
52,64.109,293.017,830.453
53,64.019,293.020,831.979
54,63.930,293.025,833.477
55,63.841,293.030,834.941
56,63.753,293.035,836.361
57,63.665,293.042,837.753
58,63.578,293.050,839.122
59,63.491,293.059,840.461
60,63.405,293.069,841.764
61,63.320,293.080,843.039
62,63.235,293.093,844.295
63,63.150,293.107,845.527
64,63.066,293.123,846.729
65,62.982,293.141,847.903
66,62.899,293.160,849.059
67,62.816,293.183,850.196
68,62.734,293.207,851.310
69,62.653,293.233,852.397
70,62.571,293.262,853.465
71,62.490,293.293,854.518
72,62.410,293.327,855.553
73,62.330,293.365,856.565
74,62.250,293.405,857.556
75,62.171,293.448,858.533
76,62.092,293.495,859.496
77,62.014,293.545,860.442
78,61.936,293.599,861.367
79,61.858,293.657,862.278
80,61.781,293.719,863.175
81,61.704,293.785,864.059
82,61.627,293.855,864.929
83,61.551,293.930,865.779
84,61.475,294.008,866.618
85,61.400,294.093,867.445
86,61.325,294.181,868.262
87,61.250,294.275,869.063
88,61.176,294.373,869.850
89,61.101,294.478,870.626
90,61.027,294.588,871.391
91,60.954,294.702,872.148
92,60.881,294.823,872.891
93,60.808,294.949,873.620
94,60.736,295.082,874.340
95,60.664,295.220,875.050
96,60.592,295.365,875.754
97,60.520,295.515,876.445
98,60.449,295.672,877.123
99,60.378,295.835,877.794
100,60.307,296.005,878.456
101,60.237,296.181,879.113
102,60.167,296.364,879.757
103,60.097,296.554,880.391
104,60.027,296.751,881.018
105,59.958,296.954,881.636
106,59.889,297.165,882.250
107,59.821,297.382,882.854
108,59.752,297.607,883.448
109,59.684,297.839,884.034
110,59.616,298.078,884.613
111,59.548,298.324,885.188
112,59.481,298.578,885.756
113,59.414,298.839,886.314
114,59.347,299.107,886.865
115,59.280,299.383,887.409
116,59.213,299.667,887.948
117,59.147,299.957,888.484
118,59.081,300.255,889.010
119,59.015,300.561,889.528
120,58.950,300.874,890.041
121,58.884,301.195,890.548
122,58.819,301.523,891.051
123,58.755,301.859,891.550
124,58.690,302.203,892.039
125,58.626,302.554,892.522
126,58.561,302.912,893.001
127,58.497,303.278,893.476
128,58.434,303.652,893.948
129,58.370,304.033,894.412
130,58.307,304.422,894.870
131,58.243,304.818,895.322
132,58.180,305.220,895.770
133,58.118,305.631,896.215
134,58.055,306.050,896.657
135,57.993,306.475,897.091
136,57.931,306.907,897.521
137,57.869,307.347,897.946
138,57.807,307.795,898.366
139,57.745,308.248,898.785
140,57.684,308.710,899.200
141,57.623,309.179,899.608
142,57.562,309.654,900.011
143,57.501,310.136,900.411
144,57.440,310.626,900.807
145,57.380,311.122,901.202
146,57.320,311.625,901.592
147,57.260,312.134,901.977
148,57.200,312.651,902.357
149,57.140,313.174,902.733
150,57.080,313.703,903.107
151,57.021,314.239,903.479
152,56.961,314.782,903.847
153,56.902,315.330,904.210
154,56.843,315.885,904.570
155,56.785,316.446,904.926
156,56.726,317.014,905.278
157,56.667,317.587,905.630
158,56.609,318.166,905.979
159,56.551,318.751,906.323
160,56.493,319.342,906.663
161,56.435,319.939,906.999
162,56.378,320.542,907.333
163,56.320,321.150,907.666
164,56.263,321.763,907.996
165,56.206,322.383,908.323
166,56.149,323.007,908.646
167,56.092,323.636,908.965
168,56.035,324.271,909.281
169,55.978,324.911,909.596
170,55.922,325.556,909.910
171,55.866,326.206,910.221
172,55.809,326.861,910.528
173,55.753,327.520,910.832
174,55.697,328.185,911.132
175,55.641,328.854,911.430
176,55.586,329.528,911.729
177,55.530,330.205,912.024
178,55.475,330.888,912.317
179,55.420,331.575,912.606
180,55.365,332.266,912.892
181,55.310,332.961,913.176
182,55.255,333.661,913.459
183,55.200,334.364,913.741
184,55.146,335.071,914.020
185,55.091,335.782,914.296
186,55.037,336.498,914.569
187,54.982,337.215,914.840
188,54.928,337.938,915.108
189,54.874,338.663,915.377
190,54.820,339.392,915.644
191,54.767,340.125,915.907
192,54.713,340.861,916.169
193,54.660,341.600,916.427
194,54.606,342.341,916.684
195,54.553,343.087,916.938
196,54.500,343.835,917.194
197,54.447,344.586,917.446
198,54.394,345.340,917.696
199,54.341,346.097,917.944
200,54.288,346.857,918.190
201,54.236,347.618,918.433
202,54.183,348.384,918.675
203,54.131,349.150,918.917
204,54.078,349.920,919.158
205,54.026,350.692,919.395
206,53.974,351.466,919.630
207,53.922,352.242,919.864
208,53.870,353.022,920.095
209,53.818,353.802,920.325
210,53.767,354.585,920.556
211,53.715,355.370,920.784
212,53.664,356.156,921.010
213,53.612,356.945,921.235
214,53.561,357.735,921.456
215,53.510,358.527,921.677
216,53.459,359.321,921.895
217,53.408,360.115,922.115
218,53.357,360.913,922.333
219,53.306,361.711,922.548
220,53.255,362.510,922.762
221,53.205,363.311,922.974
222,53.154,364.113,923.184
223,53.103,364.917,923.393
224,53.053,365.721,923.602
225,53.003,366.527,923.810
226,52.953,367.333,924.015
227,52.903,368.141,924.219
228,52.852,368.949,924.422
229,52.802,369.759,924.622
230,52.752,370.569,924.822
231,52.703,371.380,925.021
232,52.653,372.192,925.220
233,52.603,373.005,925.416
234,52.554,373.818,925.611
235,52.504,374.632,925.804
236,52.455,375.446,925.996
237,52.405,376.261,926.186
238,52.356,377.076,926.377
239,52.307,377.891,926.567
240,52.258,378.708,926.755
241,52.209,379.524,926.942
242,52.160,380.340,927.127
243,52.111,381.156,927.311
244,52.062,381.973,927.493
245,52.013,382.790,927.674
246,51.964,383.607,927.856
247,51.916,384.424,928.037
248,51.867,385.240,928.216
249,51.819,386.057,928.393
250,51.770,386.874,928.570
251,51.722,387.691,928.745
252,51.673,388.507,928.918
253,51.625,389.323,929.092
254,51.577,390.138,929.266
255,51.529,390.954,929.437
256,51.481,391.768,929.608
257,51.433,392.583,929.777
258,51.385,393.397,929.944
259,51.337,394.210,930.111
260,51.289,395.023,930.277
261,51.241,395.835,930.443
262,51.193,396.646,930.608
263,51.146,397.458,930.772
264,51.098,398.268,930.935
265,51.050,399.078,931.096
266,51.003,399.886,931.256
267,50.955,400.694,931.415
268,50.907,401.501,931.573
269,50.860,402.307,931.733
270,50.813,403.112,931.890
271,50.765,403.916,932.046
272,50.718,404.719,932.202
273,50.671,405.521,932.356
274,50.624,406.322,932.508
275,50.576,407.121,932.661
276,50.529,407.920,932.813
277,50.482,408.716,932.964
278,50.435,409.513,933.115
279,50.388,410.308,933.265
280,50.341,411.100,933.413
281,50.294,411.893,933.560
282,50.247,412.683,933.707
283,50.200,413.472,933.852
284,50.153,414.259,933.998
285,50.107,415.045,934.143
286,50.060,415.829,934.287
287,50.013,416.611,934.430
288,49.967,417.393,934.572
289,49.920,418.171,934.713
290,49.873,418.949,934.853
291,49.827,419.724,934.992
292,49.780,420.498,935.131
293,49.733,421.271,935.271
294,49.687,422.040,935.410
295,49.640,422.808,935.547
296,49.594,423.574,935.683
297,49.547,424.339,935.818
298,49.501,425.101,935.951
299,49.454,425.860,936.085
300,49.408,426.618,936.219
301,49.362,427.374,936.352
302,49.315,428.127,936.485
303,49.269,428.878,936.616
304,49.223,429.627,936.747
305,49.176,430.374,936.877
306,49.130,431.117,937.005
307,49.084,431.858,937.133
308,49.037,432.598,937.261
309,48.991,433.334,937.389
310,48.945,434.069,937.516
311,48.899,434.801,937.643
312,48.853,435.530,937.769
313,48.806,436.256,937.892
314,48.760,436.980,938.016
315,48.714,437.700,938.139
316,48.668,438.419,938.262
317,48.621,439.134,938.384
318,48.575,439.847,938.506
319,48.529,440.558,938.628
320,48.483,441.264,938.749
321,48.437,441.968,938.868
322,48.391,442.670,938.987
323,48.345,443.368,939.105
324,48.298,444.063,939.223
325,48.252,444.755,939.340
326,48.206,445.445,939.459
327,48.160,446.131,939.575
328,48.114,446.815,939.691
329,48.068,447.495,939.807
330,48.022,448.172,939.921
331,47.976,448.846,940.034
332,47.930,449.517,940.147
333,47.883,450.184,940.260
334,47.837,450.849,940.373
335,47.791,451.510,940.486
336,47.745,452.169,940.597
337,47.699,452.824,940.709
338,47.653,453.476,940.819
339,47.607,454.124,940.928
340,47.561,454.770,941.037
341,47.515,455.412,941.145
342,47.468,456.051,941.254
343,47.422,456.687,941.363
344,47.376,457.320,941.471
345,47.330,457.950,941.578
346,47.284,458.577,941.684
347,47.238,459.200,941.790
348,47.192,459.820,941.895
349,47.145,460.436,942.000
350,47.099,461.051,942.104
351,47.053,461.662,942.209
352,47.007,462.270,942.313
353,46.961,462.875,942.417
354,46.915,463.477,942.519
355,46.869,464.076,942.621
356,46.822,464.671,942.723
357,46.776,465.264,942.823
358,46.730,465.853,942.924
359,46.683,466.440,943.025
360,46.637,467.024,943.126
361,46.591,467.606,943.226
362,46.545,468.184,943.325
363,46.499,468.760,943.424
364,46.452,469.333,943.522
365,46.406,469.903,943.620
366,46.360,470.470,943.717
367,46.313,471.034,943.814
368,46.267,471.596,943.911
369,46.221,472.156,944.009
370,46.175,472.714,944.105
371,46.128,473.268,944.201
372,46.082,473.820,944.296
373,46.036,474.369,944.391
374,45.989,474.916,944.485
375,45.943,475.460,944.579
376,45.897,476.002,944.672
377,45.850,476.542,944.766
378,45.804,477.080,944.860
379,45.758,477.615,944.953
380,45.711,478.148,945.046
381,45.665,478.679,945.138
382,45.619,479.207,945.229
383,45.572,479.733,945.320
384,45.526,480.257,945.410
385,45.479,480.779,945.501
386,45.433,481.299,945.592
387,45.386,481.817,945.683
388,45.340,482.333,945.772
389,45.294,482.847,945.862
390,45.247,483.359,945.951
391,45.201,483.868,946.039
392,45.154,484.376,946.127
393,45.108,484.881,946.215
394,45.061,485.384,946.302
395,45.015,485.886,946.391
396,44.968,486.386,946.478
397,44.922,486.884,946.565
398,44.875,487.381,946.651
399,44.829,487.874,946.738
400,44.782,488.367,946.823
401,44.736,488.857,946.908
402,44.689,489.345,946.993
403,44.642,489.832,947.078
404,44.596,490.316,947.163
405,44.549,490.799,947.249
406,44.503,491.281,947.333
407,44.456,491.760,947.417
408,44.410,492.238,947.500
409,44.363,492.713,947.583
410,44.316,493.187,947.666
411,44.270,493.659,947.748
412,44.223,494.129,947.831
413,44.176,494.597,947.913
414,44.130,495.064,947.995
415,44.083,495.529,948.077
416,44.037,495.992,948.158
417,43.990,496.453,948.238
418,43.943,496.912,948.319
419,43.896,497.370,948.399
420,43.850,497.825,948.479
421,43.803,498.279,948.558
422,43.756,498.731,948.640
423,43.710,499.181,948.719
424,43.663,499.629,948.798
425,43.616,500.076,948.878
426,43.569,500.520,948.956
427,43.522,500.963,949.034
428,43.476,501.404,949.111
429,43.429,501.842,949.189
430,43.382,502.279,949.266
431,43.335,502.716,949.345
432,43.288,503.149,949.422
433,43.241,503.581,949.498
434,43.195,504.011,949.575
435,43.148,504.439,949.651
436,43.101,504.865,949.727
437,43.054,505.289,949.802
438,43.007,505.711,949.878
439,42.960,506.132,949.953
440,42.913,506.551,950.029
441,42.866,506.968,950.104
442,42.819,507.383,950.179
443,42.772,507.796,950.253
444,42.725,508.208,950.326
445,42.678,508.617,950.401
446,42.631,509.025,950.473
447,42.584,509.430,950.547
448,42.537,509.834,950.620
449,42.490,510.236,950.694
450,42.443,510.637,950.767
451,42.395,511.036,950.839
452,42.348,511.433,950.911
453,42.301,511.827,950.983
454,42.254,512.221,951.055
455,42.207,512.611,951.126
456,42.160,513.000,951.196
457,42.112,513.388,951.268
458,42.065,513.774,951.339
459,42.018,514.159,951.410
460,41.971,514.542,951.481
461,41.924,514.922,951.551
462,41.876,515.301,951.621
463,41.829,515.678,951.690
464,41.782,516.054,951.760
465,41.734,516.427,951.829
466,41.687,516.799,951.898
467,41.640,517.169,951.967
468,41.592,517.539,952.036
469,41.545,517.906,952.106
470,41.498,518.272,952.174
471,41.450,518.636,952.242
472,41.403,518.998,952.309
473,41.355,519.359,952.377
474,41.308,519.717,952.444
475,41.260,520.074,952.511
476,41.213,520.430,952.579
477,41.165,520.786,952.647
478,41.118,521.139,952.714
479,41.070,521.490,952.780
480,41.023,521.841,952.846
481,40.975,522.189,952.912
482,40.928,522.536,952.978
483,40.880,522.881,953.044
484,40.833,523.225,953.109
485,40.785,523.568,953.175
486,40.737,523.910,953.241
487,40.690,524.250,953.306
488,40.642,524.590,953.371
489,40.595,524.928,953.435
490,40.547,525.264,953.500
491,40.499,525.598,953.564
492,40.452,525.932,953.628
493,40.404,526.264,953.692
494,40.356,526.595,953.756
495,40.308,526.926,953.821
496,40.261,527.256,953.884
497,40.213,527.583,953.947
498,40.165,527.910,954.011
499,40.117,528.236,954.074
500,40.070,528.560,954.136
501,40.022,528.883,954.198
502,39.974,529.206,954.261
503,39.926,529.527,954.323
504,39.878,529.847,954.386
505,39.831,530.167,954.449
506,39.783,530.486,954.510
507,39.735,530.804,954.572
508,39.687,531.121,954.634
509,39.639,531.436,954.694
510,39.591,531.751,954.756
511,39.543,532.064,954.817
512,39.495,532.377,954.877
513,39.447,532.690,954.939
514,39.399,533.003,955.000
515,39.352,533.314,955.061
516,39.304,533.624,955.121
517,39.256,533.933,955.181
518,39.208,534.242,955.240
519,39.160,534.550,955.300
520,39.112,534.856,955.360
521,39.064,535.162,955.419
522,39.016,535.469,955.480
523,38.968,535.775,955.539
524,38.920,536.080,955.599
525,38.872,536.385,955.658
526,38.823,536.689,955.716
527,38.775,536.991,955.775
528,38.727,537.294,955.833
529,38.679,537.595,955.891
530,38.631,537.896,955.949
531,38.583,538.198,956.008
532,38.535,538.499,956.067
533,38.487,538.800,956.125
534,38.439,539.100,956.183
535,38.391,539.400,956.241
536,38.342,539.699,956.298
537,38.294,539.997,956.355
538,38.246,540.295,956.412
539,38.198,540.592,956.469
540,38.150,540.890,956.527
541,38.101,541.188,956.584
542,38.053,541.486,956.640
543,38.005,541.783,956.697
544,37.957,542.080,956.754
545,37.909,542.376,956.810
546,37.860,542.671,956.865
547,37.812,542.967,956.922
548,37.764,543.262,956.977
549,37.715,543.558,957.033
550,37.667,543.854,957.090
551,37.619,544.150,957.145
552,37.571,544.445,957.201
553,37.522,544.740,957.256
554,37.474,545.035,957.311
555,37.426,545.329,957.366
556,37.377,545.623,957.421
557,37.329,545.916,957.476
558,37.281,546.211,957.530
559,37.232,546.506,957.585
560,37.184,546.801,957.640
561,37.136,547.095,957.695
562,37.087,547.390,957.749
563,37.039,547.684,957.802
564,36.990,547.978,957.856
565,36.942,548.271,957.910
566,36.893,548.564,957.963
567,36.845,548.858,958.017
568,36.796,549.153,958.071
569,36.748,549.447,958.124
570,36.700,549.743,958.178
571,36.651,550.036,958.231
572,36.603,550.331,958.284
573,36.554,550.625,958.336
574,36.505,550.919,958.389
575,36.457,551.212,958.441
576,36.408,551.506,958.494
577,36.360,551.801,958.546
578,36.311,552.097,958.599
579,36.263,552.392,958.652
580,36.214,552.687,958.703
581,36.165,552.983,958.755
582,36.117,553.277,958.807
583,36.068,553.572,958.858
584,36.019,553.866,958.909
585,35.971,554.162,958.961
586,35.922,554.457,959.013
587,35.873,554.754,959.065
588,35.825,555.050,959.115
589,35.776,555.347,959.166
590,35.727,555.643,959.217
591,35.678,555.939,959.267
592,35.629,556.234,959.318
593,35.580,556.531,959.368
594,35.532,556.827,959.418
595,35.483,557.125,959.469
596,35.434,557.423,959.520
597,35.385,557.721,959.570
598,35.336,558.019,959.620
599,35.287,558.316,959.669
600,35.238,558.614,959.718
601,35.189,558.911,959.768
602,35.140,559.209,959.817
603,35.091,559.507,959.866
604,35.042,559.807,959.916
605,34.993,560.106,959.965
606,34.944,560.405,960.014
607,34.895,560.705,960.064
608,34.846,561.004,960.112
609,34.797,561.303,960.160
610,34.748,561.602,960.208
611,34.698,561.902,960.256
612,34.649,562.202,960.305
613,34.600,562.503,960.354
614,34.551,562.804,960.402
615,34.502,563.106,960.450
616,34.452,563.407,960.498
617,34.403,563.708,960.545
618,34.354,564.010,960.593
619,34.304,564.310,960.639
620,34.255,564.612,960.686
621,34.205,564.913,960.735
622,34.156,565.217,960.782
623,34.106,565.520,960.829
624,34.057,565.823,960.876
625,34.007,566.126,960.923
626,33.958,566.429,960.970
627,33.908,566.732,961.015
628,33.859,567.035,961.062
629,33.809,567.338,961.108
630,33.759,567.641,961.154
631,33.710,567.946,961.201
632,33.660,568.251,961.247
633,33.610,568.556,961.293
634,33.560,568.861,961.339
635,33.510,569.166,961.384
636,33.461,569.470,961.429
637,33.411,569.774,961.475
638,33.361,570.079,961.519
639,33.311,570.385,961.565
640,33.261,570.691,961.611
641,33.211,570.998,961.656
642,33.161,571.304,961.701
643,33.111,571.610,961.745
644,33.060,571.916,961.789
645,33.010,572.222,961.834
646,32.960,572.528,961.878
647,32.910,572.834,961.922
648,32.860,573.142,961.967
649,32.809,573.450,962.011
650,32.759,573.757,962.055
651,32.709,574.065,962.099
652,32.658,574.372,962.143
653,32.608,574.680,962.186
654,32.557,574.987,962.230
655,32.507,575.293,962.272
656,32.456,575.602,962.316
657,32.405,575.911,962.360
658,32.355,576.218,962.403
659,32.304,576.527,962.446
660,32.253,576.836,962.488
661,32.203,577.144,962.531
662,32.152,577.453,962.574
663,32.101,577.761,962.616
664,32.050,578.068,962.659
665,31.999,578.377,962.701
666,31.948,578.686,962.743
667,31.897,578.996,962.786
668,31.846,579.305,962.828
669,31.795,579.614,962.870
670,31.744,579.923,962.912
671,31.692,580.232,962.953
672,31.641,580.539,962.994
673,31.590,580.849,963.036
674,31.539,581.158,963.078
675,31.487,581.467,963.119
676,31.436,581.777,963.161
677,31.384,582.086,963.202
678,31.333,582.395,963.242
679,31.281,582.705,963.284
680,31.230,583.012,963.324
681,31.178,583.321,963.365
682,31.126,583.630,963.406
683,31.075,583.939,963.446
684,31.023,584.249,963.487
685,30.971,584.558,963.527
686,30.919,584.867,963.567
687,30.867,585.175,963.608
688,30.815,585.484,963.647
689,30.763,585.791,963.687
690,30.711,586.100,963.727
691,30.659,586.409,963.767
692,30.607,586.717,963.807
693,30.555,587.026,963.847
694,30.503,587.334,963.887
695,30.451,587.642,963.926
696,30.398,587.950,963.965
697,30.346,588.257,964.004
698,30.293,588.564,964.044
699,30.241,588.871,964.082
700,30.189,589.179,964.122
701,30.136,589.487,964.161
702,30.084,589.794,964.200
703,30.031,590.101,964.239
704,29.978,590.407,964.278
705,29.925,590.713,964.316
706,29.873,591.019,964.354
707,29.820,591.324,964.393
708,29.767,591.631,964.432
709,29.714,591.937,964.470
710,29.661,592.243,964.509
711,29.608,592.548,964.547
712,29.555,592.853,964.586
713,29.502,593.157,964.623
714,29.449,593.461,964.661
715,29.396,593.765,964.699
716,29.343,594.069,964.738
717,29.290,594.372,964.775
718,29.237,594.676,964.814
719,29.183,594.980,964.851
720,29.130,595.281,964.889
721,29.077,595.584,964.926
722,29.023,595.885,964.964
723,28.970,596.187,965.001
724,28.916,596.488,965.039
725,28.863,596.790,965.077
726,28.809,597.091,965.115
727,28.756,597.392,965.152
728,28.702,597.692,965.189
729,28.648,597.991,965.226
730,28.595,598.290,965.263
731,28.541,598.588,965.301
732,28.487,598.887,965.338
733,28.434,599.186,965.375
734,28.380,599.484,965.413
735,28.326,599.781,965.450
736,28.272,600.078,965.487
737,28.218,600.375,965.524
738,28.164,600.671,965.560
739,28.110,600.966,965.597
740,28.056,601.261,965.634
741,28.002,601.557,965.671
742,27.948,601.851,965.708
743,27.894,602.146,965.745
744,27.840,602.438,965.782
745,27.786,602.732,965.818
746,27.732,603.024,965.854
747,27.678,603.316,965.892
748,27.624,603.608,965.929
749,27.570,603.899,965.966
750,27.516,604.189,966.003
751,27.461,604.480,966.039
752,27.407,604.770,966.075
753,27.353,605.058,966.112
754,27.299,605.347,966.148
755,27.244,605.635,966.186
756,27.190,605.923,966.222
757,27.136,606.210,966.259
758,27.082,606.497,966.295
759,27.027,606.783,966.332
760,26.973,607.069,966.369
761,26.919,607.353,966.405
762,26.864,607.637,966.442
763,26.810,607.921,966.479
764,26.756,608.205,966.516
765,26.701,608.488,966.552
766,26.647,608.770,966.589
767,26.592,609.052,966.626
768,26.538,609.333,966.662
769,26.484,609.613,966.698
770,26.429,609.893,966.735
771,26.375,610.173,966.773
772,26.321,610.452,966.809
773,26.266,610.731,966.846
774,26.212,611.008,966.883
775,26.158,611.285,966.920
776,26.103,611.562,966.956
777,26.049,611.838,966.993
778,25.995,612.113,967.030
779,25.940,612.388,967.067
780,25.886,612.663,967.103
781,25.832,612.937,967.141
782,25.777,613.210,967.177
783,25.723,613.482,967.214
784,25.669,613.753,967.251
785,25.614,614.025,967.288
786,25.560,614.296,967.326
787,25.506,614.567,967.363
788,25.452,614.836,967.399
789,25.398,615.105,967.437
790,25.343,615.373,967.473
791,25.289,615.642,967.511
792,25.235,615.909,967.548
793,25.181,616.176,967.585
794,25.127,616.442,967.623
795,25.073,616.708,967.660
796,25.019,616.972,967.697
797,24.965,617.237,967.734
798,24.911,617.501,967.771
799,24.857,617.764,967.809
800,24.803,618.027,967.847
801,24.749,618.290,967.885
802,24.695,618.551,967.922
803,24.641,618.812,967.960
804,24.587,619.072,967.997
805,24.533,619.333,968.035
806,24.480,619.592,968.073
807,24.426,619.852,968.111
808,24.372,620.110,968.148
809,24.318,620.368,968.187
810,24.265,620.625,968.224
811,24.211,620.881,968.262
812,24.158,621.137,968.300
813,24.104,621.393,968.338
814,24.051,621.649,968.377
815,23.997,621.904,968.414
816,23.944,622.158,968.452
817,23.890,622.411,968.490
818,23.837,622.664,968.529
819,23.784,622.917,968.567
820,23.731,623.170,968.605
821,23.678,623.421,968.644
822,23.624,623.673,968.682
823,23.571,623.923,968.721
824,23.518,624.173,968.759
825,23.465,624.423,968.798
826,23.412,624.672,968.837
827,23.360,624.921,968.875
828,23.307,625.170,968.914
829,23.254,625.419,968.953
830,23.201,625.666,968.991
831,23.149,625.912,969.030
832,23.096,626.160,969.070
833,23.044,626.406,969.109
834,22.991,626.653,969.148
835,22.939,626.898,969.187
836,22.886,627.142,969.226
837,22.834,627.387,969.266
838,22.782,627.632,969.305
839,22.730,627.877,969.344
840,22.678,628.120,969.384
841,22.626,628.364,969.423
842,22.574,628.607,969.463
843,22.522,628.849,969.502
844,22.470,629.091,969.542
845,22.418,629.334,969.582
846,22.367,629.576,969.622
847,22.315,629.817,969.661
848,22.264,630.058,969.702
849,22.212,630.298,969.741
850,22.161,630.540,969.781
851,22.109,630.780,969.822
852,22.058,631.021,969.862
853,22.007,631.261,969.902
854,21.956,631.500,969.942
855,21.905,631.739,969.983
856,21.854,631.978,970.023
857,21.803,632.218,970.064
858,21.753,632.457,970.105
859,21.702,632.696,970.145
860,21.652,632.934,970.186
861,21.601,633.172,970.226
862,21.551,633.411,970.268
863,21.501,633.650,970.309
864,21.451,633.888,970.349
865,21.401,634.126,970.391
866,21.351,634.363,970.432
867,21.301,634.601,970.474
868,21.251,634.839,970.514
869,21.201,635.077,970.556
870,21.152,635.315,970.598
871,21.102,635.552,970.639
872,21.053,635.790,970.681
873,21.004,636.028,970.723
874,20.955,636.266,970.764
875,20.906,636.504,970.807
876,20.857,636.741,970.848
877,20.808,636.979,970.890
878,20.760,637.217,970.933
879,20.711,637.456,970.975
880,20.663,637.694,971.017
881,20.614,637.932,971.060
882,20.566,638.171,971.102
883,20.518,638.409,971.145
884,20.470,638.648,971.188
885,20.423,638.887,971.230
886,20.375,639.127,971.274
887,20.327,639.366,971.317
888,20.280,639.605,971.359
889,20.233,639.845,971.402
890,20.186,640.087,971.446
891,20.139,640.327,971.490
892,20.092,640.568,971.533
893,20.045,640.808,971.576
894,19.999,641.051,971.620
895,19.952,641.294,971.664
896,19.906,641.536,971.708
897,19.860,641.778,971.752
898,19.814,642.022,971.796
899,19.768,642.266,971.841
900,19.723,642.510,971.885
901,19.677,642.755,971.929
902,19.632,643.000,971.974
903,19.587,643.246,972.018
904,19.542,643.493,972.063
905,19.497,643.740,972.108
906,19.453,643.988,972.154
907,19.408,644.236,972.198
908,19.364,644.485,972.244
909,19.320,644.735,972.289
910,19.276,644.985,972.335
911,19.232,645.237,972.380
912,19.189,645.488,972.426
913,19.145,645.741,972.472
914,19.102,645.996,972.519
915,19.059,646.250,972.565
916,19.016,646.504,972.611
917,18.974,646.761,972.657
918,18.931,647.019,972.704
919,18.889,647.277,972.750
920,18.847,647.536,972.797
921,18.805,647.796,972.844
922,18.764,648.058,972.891
923,18.723,648.320,972.939
924,18.681,648.583,972.986
925,18.640,648.847,973.034
926,18.600,649.114,973.081
927,18.559,649.381,973.129
928,18.519,649.650,973.177
929,18.479,649.918,973.225
930,18.439,650.190,973.273
931,18.400,650.463,973.322
932,18.360,650.737,973.370
933,18.321,651.011,973.419
934,18.282,651.288,973.469
935,18.244,651.567,973.517
936,18.205,651.847,973.566
937,18.167,652.128,973.616
938,18.129,652.411,973.665
939,18.092,652.696,973.715
940,18.055,652.983,973.765
941,18.017,653.271,973.815
942,17.981,653.561,973.865
943,17.944,653.854,973.916
944,17.908,654.147,973.966
945,17.872,654.443,974.016
946,17.836,654.742,974.068
947,17.801,655.043,974.119
948,17.766,655.344,974.170
949,17.731,655.650,974.222
950,17.696,655.957,974.273
951,17.662,656.266,974.325
952,17.628,656.577,974.377
953,17.594,656.892,974.429
954,17.561,657.209,974.481
955,17.528,657.528,974.534
956,17.495,657.850,974.586
957,17.463,658.176,974.640
958,17.430,658.503,974.693
959,17.399,658.834,974.746
960,17.367,659.168,974.800
961,17.336,659.505,974.854
962,17.305,659.844,974.907
963,17.275,660.188,974.962
964,17.245,660.534,975.016
965,17.215,660.884,975.070
966,17.185,661.238,975.125
967,17.156,661.595,975.180
968,17.127,661.956,975.235
969,17.099,662.321,975.291
970,17.071,662.690,975.346
971,17.043,663.062,975.402
972,17.016,663.440,975.458
973,16.989,663.822,975.514
974,16.962,664.206,975.571
975,16.936,664.597,975.627
976,16.910,664.992,975.684
977,16.885,665.391,975.741
978,16.860,665.796,975.798
979,16.835,666.205,975.856
980,16.811,666.620,975.914
981,16.787,667.040,975.971
982,16.763,667.464,976.029
983,16.740,667.896,976.088
984,16.717,668.333,976.146
985,16.695,668.774,976.205
986,16.673,669.223,976.264
987,16.651,669.678,976.323
988,16.630,670.139,976.383
989,16.610,670.606,976.442
990,16.589,671.080,976.502
991,16.569,671.560,976.561
992,16.550,672.047,976.622
993,16.531,672.541,976.682
994,16.512,673.042,976.742
995,16.494,673.550,976.804
996,16.476,674.065,976.864
997,16.458,674.588,976.925
998,16.441,675.118,976.986
999,16.424,675.655,977.048
1000,16.408,676.200,977.109
1001,16.392,676.752,977.170
1002,16.377,677.310,977.232
1003,16.362,677.874,977.294
1004,16.347,678.453,977.356
1005,16.332,679.030,977.418
1006,16.318,679.617,977.480
1007,16.305,680.211,977.543
1008,16.291,680.810,977.604
1009,16.278,681.419,977.667
1010,16.266,682.032,977.729
1011,16.253,682.647,977.792
1012,16.241,683.272,977.854
1013,16.229,683.895,977.916
1014,16.218,684.525,977.979
1015,16.207,685.155,978.040
1016,16.196,685.792,978.102
1017,16.185,686.424,978.165
1018,16.174,687.061,978.226
1019,16.164,687.696,978.288
1020,16.153,688.324,978.349
1021,16.143,688.955,978.410
1022,16.133,689.585,978.471
1023,16.123,690.206,978.532
1024,16.113,690.825,978.593
1025,16.103,691.434,978.653
1026,16.093,692.041,978.714
1027,16.083,692.643,978.774
1028,16.074,693.240,978.834
1029,16.064,693.831,978.893
1030,16.054,694.417,978.952
1031,16.044,694.998,979.010
1032,16.035,695.574,979.069
1033,16.025,696.147,979.126
1034,16.015,696.715,979.184
1035,16.005,697.280,979.241
1036,15.996,697.843,979.298
1037,15.986,698.402,979.354
1038,15.977,698.958,979.411
1039,15.967,699.510,979.467
1040,15.957,700.060,979.523
1041,15.948,700.607,979.578
1042,15.938,701.152,979.634
1043,15.929,701.695,979.689
1044,15.919,702.235,979.745
1045,15.910,702.773,979.800
1046,15.901,703.309,979.855
1047,15.891,703.843,979.909
1048,15.882,704.375,979.964
1049,15.873,704.904,980.017
1050,15.863,705.432,980.072
1051,15.854,705.958,980.125
1052,15.845,706.482,980.179
1053,15.835,707.004,980.232
1054,15.826,707.525,980.286
1055,15.817,708.044,980.338
1056,15.808,708.561,980.392
1057,15.799,709.077,980.445
1058,15.790,709.591,980.498
1059,15.781,710.104,980.549
1060,15.772,710.615,980.603
1061,15.763,711.124,980.654
1062,15.754,711.633,980.707
1063,15.745,712.140,980.759
1064,15.736,712.646,980.811
1065,15.727,713.150,980.862
1066,15.718,713.653,980.915
1067,15.710,714.154,980.965
1068,15.701,714.654,981.017
1069,15.692,715.153,981.068
1070,15.683,715.651,981.120
1071,15.675,716.148,981.170
1072,15.666,716.643,981.221
1073,15.657,717.137,981.272
1074,15.649,717.630,981.323
1075,15.640,718.123,981.373
1076,15.632,718.613,981.424
1077,15.623,719.102,981.474
1078,15.615,719.591,981.524
1079,15.606,720.078,981.574
1080,15.598,720.565,981.625
1081,15.590,721.050,981.674
1082,15.581,721.535,981.724
1083,15.573,722.018,981.774
1084,15.565,722.500,981.824
1085,15.557,722.981,981.873
1086,15.548,723.461,981.923
1087,15.540,723.941,981.972
1088,15.532,724.419,982.021
1089,15.524,724.896,982.070
1090,15.516,725.372,982.119
1091,15.508,725.848,982.168
1092,15.500,726.322,982.217
1093,15.492,726.796,982.265
1094,15.484,727.268,982.314
1095,15.476,727.739,982.362
1096,15.468,728.210,982.411
1097,15.461,728.680,982.459
1098,15.453,729.149,982.508
1099,15.445,729.617,982.555
1100,15.437,730.084,982.604
1101,15.430,730.550,982.652
1102,15.422,731.015,982.701
1103,15.414,731.479,982.747
1104,15.407,731.942,982.796
1105,15.399,732.405,982.843
1106,15.391,732.867,982.891
1107,15.384,733.328,982.938
1108,15.376,733.788,982.986
1109,15.369,734.247,983.032
1110,15.362,734.705,983.081
1111,15.354,735.163,983.127
1112,15.347,735.619,983.175
1113,15.340,736.075,983.221
1114,15.332,736.530,983.269
1115,15.325,736.984,983.315
1116,15.318,737.437,983.363
1117,15.311,737.890,983.409
1118,15.303,738.342,983.456
1119,15.296,738.792,983.502
1120,15.289,739.242,983.549
1121,15.282,739.691,983.595
1122,15.275,740.140,983.641
1123,15.268,740.588,983.687
1124,15.261,741.034,983.734
1125,15.254,741.480,983.779
1126,15.247,741.925,983.826
1127,15.240,742.370,983.871
1128,15.233,742.813,983.917
1129,15.227,743.256,983.963
1130,15.220,743.698,984.009
1131,15.213,744.139,984.054
1132,15.206,744.579,984.100
1133,15.200,745.019,984.145
1134,15.193,745.458,984.191
1135,15.186,745.896,984.236
1136,15.180,746.333,984.282
1137,15.173,746.770,984.326
1138,15.166,747.205,984.372
1139,15.160,747.640,984.416
1140,15.153,748.075,984.462
1141,15.147,748.508,984.506
1142,15.140,748.941,984.552
1143,15.134,749.372,984.596
1144,15.128,749.804,984.641
1145,15.121,750.234,984.685
1146,15.115,750.663,984.730
1147,15.109,751.092,984.774
1148,15.102,751.520,984.819
1149,15.096,751.947,984.863
1150,15.090,752.374,984.907
1151,15.084,752.799,984.951
1152,15.077,753.224,984.995
1153,15.071,753.649,985.039
1154,15.065,754.073,985.083
1155,15.059,754.495,985.127
1156,15.053,754.917,985.171
1157,15.047,755.338,985.214
1158,15.041,755.759,985.258
1159,15.035,756.179,985.301
1160,15.029,756.598,985.345
1161,15.023,757.016,985.388
1162,15.017,757.433,985.432
1163,15.011,757.850,985.475
1164,15.005,758.266,985.518
1165,14.999,758.681,985.561
1166,14.994,759.096,985.604
1167,14.988,759.510,985.647
1168,14.982,759.923,985.690
1169,14.976,760.335,985.733
1170,14.971,760.747,985.776
1171,14.965,761.157,985.818
1172,14.959,761.568,985.861
1173,14.954,761.977,985.904
1174,14.948,762.385,985.947
1175,14.942,762.793,985.989
1176,14.937,763.201,986.032
1177,14.931,763.608,986.073
1178,14.926,764.013,986.116
1179,14.920,764.418,986.158
1180,14.915,764.822,986.201
1181,14.909,765.226,986.242
1182,14.904,765.629,986.285
1183,14.899,766.031,986.326
1184,14.893,766.433,986.369
1185,14.888,766.833,986.410
1186,14.883,767.233,986.452
1187,14.877,767.632,986.493
1188,14.872,768.031,986.536
1189,14.867,768.429,986.577
1190,14.862,768.826,986.619
1191,14.856,769.223,986.660
1192,14.851,769.618,986.701
1193,14.846,770.013,986.742
1194,14.841,770.407,986.784
1195,14.836,770.801,986.825
1196,14.831,771.194,986.866
1197,14.826,771.586,986.907
1198,14.820,771.977,986.948
1199,14.815,772.368,986.989
1200,14.810,772.758,987.030
1201,14.805,773.147,987.070
1202,14.800,773.536,987.111
1203,14.796,773.924,987.152
1204,14.791,774.311,987.193
1205,14.786,774.697,987.233
1206,14.781,775.083,987.274
1207,14.776,775.468,987.313
1208,14.771,775.853,987.354
1209,14.766,776.237,987.394
1210,14.762,776.620,987.435
1211,14.757,777.002,987.474
1212,14.752,777.384,987.515
1213,14.747,777.765,987.554
1214,14.743,778.145,987.595
1215,14.738,778.524,987.634
1216,14.733,778.903,987.675
1217,14.728,779.282,987.714
1218,14.724,779.659,987.755
1219,14.719,780.036,987.794
1220,14.715,780.412,987.834
1221,14.710,780.788,987.873
1222,14.705,781.163,987.913
1223,14.701,781.537,987.952
1224,14.696,781.910,987.992
1225,14.692,782.283,988.031
1226,14.687,782.655,988.070
1227,14.683,783.026,988.109
1228,14.679,783.397,988.148
1229,14.674,783.767,988.187
1230,14.670,784.137,988.226
1231,14.665,784.505,988.265
1232,14.661,784.873,988.304
1233,14.657,785.241,988.343
1234,14.652,785.607,988.382
1235,14.648,785.973,988.420
1236,14.644,786.339,988.459
1237,14.639,786.703,988.498
1238,14.635,787.067,988.536
1239,14.631,787.430,988.574
1240,14.627,787.793,988.613
1241,14.622,788.156,988.651
1242,14.618,788.517,988.689
1243,14.614,788.878,988.728
1244,14.610,789.238,988.766
1245,14.606,789.597,988.804
1246,14.602,789.956,988.842
1247,14.597,790.314,988.880
1248,14.593,790.672,988.918
1249,14.589,791.029,988.956
1250,14.585,791.385,988.994
1251,14.581,791.741,989.031
1252,14.577,792.096,989.069
1253,14.573,792.449,989.107
1254,14.569,792.803,989.145
1255,14.565,793.156,989.182
1256,14.561,793.508,989.220
1257,14.557,793.860,989.257
1258,14.553,794.211,989.295
1259,14.549,794.561,989.332
1260,14.546,794.911,989.370
1261,14.542,795.260,989.406
1262,14.538,795.608,989.444
1263,14.534,795.956,989.480
1264,14.530,796.304,989.518
1265,14.526,796.650,989.554
1266,14.523,796.996,989.592
1267,14.519,797.341,989.628
1268,14.515,797.686,989.666
1269,14.511,798.030,989.702
1270,14.507,798.373,989.739
1271,14.504,798.716,989.775
1272,14.500,799.059,989.812
1273,14.496,799.400,989.848
1274,14.493,799.741,989.885
1275,14.489,800.081,989.921
1276,14.485,800.420,989.958
1277,14.482,800.760,989.994
1278,14.478,801.098,990.031
1279,14.474,801.436,990.067
1280,14.471,801.773,990.103
1281,14.467,802.110,990.139
1282,14.464,802.445,990.175
1283,14.460,802.780,990.211
1284,14.457,803.115,990.247
1285,14.453,803.450,990.283
1286,14.450,803.783,990.319
1287,14.446,804.116,990.355
1288,14.443,804.449,990.391
1289,14.439,804.780,990.426
1290,14.436,805.111,990.462
1291,14.432,805.441,990.498
1292,14.429,805.771,990.534
1293,14.425,806.101,990.569
1294,14.422,806.430,990.605
1295,14.419,806.757,990.639
1296,14.415,807.085,990.675
1297,14.412,807.412,990.710
1298,14.409,807.738,990.746
1299,14.405,808.064,990.780
1300,14.402,808.389,990.816
1301,14.399,808.714,990.850
1302,14.395,809.038,990.886
1303,14.392,809.360,990.920
1304,14.389,809.683,990.956
1305,14.386,810.005,990.990
1306,14.382,810.327,991.026
1307,14.379,810.648,991.060
1308,14.376,810.968,991.095
1309,14.373,811.288,991.129
1310,14.369,811.608,991.164
1311,14.366,811.926,991.198
1312,14.363,812.244,991.233
1313,14.360,812.561,991.267
1314,14.357,812.878,991.302
1315,14.354,813.195,991.336
1316,14.350,813.511,991.371
1317,14.347,813.826,991.405
1318,14.344,814.140,991.439
1319,14.341,814.455,991.473
1320,14.338,814.768,991.507
1321,14.335,815.081,991.541
1322,14.332,815.393,991.575
1323,14.329,815.705,991.609
1324,14.326,816.016,991.643
1325,14.323,816.327,991.677
1326,14.320,816.636,991.711
1327,14.317,816.946,991.745
1328,14.314,817.255,991.778
1329,14.311,817.563,991.812
1330,14.308,817.871,991.845
1331,14.305,818.178,991.879
1332,14.302,818.485,991.912
1333,14.299,818.792,991.946
1334,14.296,819.097,991.979
1335,14.293,819.402,992.012
1336,14.290,819.706,992.046
1337,14.287,820.010,992.079
1338,14.285,820.314,992.112
1339,14.282,820.616,992.145
1340,14.279,820.919,992.178
1341,14.276,821.221,992.211
1342,14.273,821.522,992.244
1343,14.270,821.822,992.277
1344,14.268,822.122,992.310
1345,14.265,822.422,992.343
1346,14.262,822.721,992.376
1347,14.259,823.020,992.409
1348,14.256,823.318,992.442
1349,14.254,823.615,992.474
1350,14.251,823.912,992.507
1351,14.248,824.208,992.539
1352,14.245,824.504,992.572
1353,14.243,824.799,992.604
1354,14.240,825.094,992.637
1355,14.237,825.388,992.669
1356,14.235,825.682,992.702
1357,14.232,825.975,992.733
1358,14.229,826.267,992.766
1359,14.227,826.559,992.798
1360,14.224,826.851,992.830
1361,14.221,827.142,992.862
1362,14.219,827.433,992.895
1363,14.216,827.722,992.926
1364,14.213,828.012,992.958
1365,14.211,828.301,992.990
1366,14.208,828.589,993.022
1367,14.206,828.877,993.053
1368,14.203,829.164,993.086
1369,14.200,829.451,993.117
1370,14.198,829.737,993.149
1371,14.195,830.023,993.180
1372,14.193,830.309,993.212
1373,14.190,830.594,993.243
1374,14.188,830.878,993.275
1375,14.185,831.162,993.306
1376,14.183,831.445,993.338
1377,14.180,831.728,993.369
1378,14.178,832.010,993.401
1379,14.175,832.291,993.431
1380,14.173,832.573,993.463
1381,14.170,832.854,993.494
1382,14.168,833.134,993.525
1383,14.165,833.414,993.556
1384,14.163,833.693,993.587
1385,14.160,833.972,993.618
1386,14.158,834.250,993.649
1387,14.156,834.528,993.680
1388,14.153,834.805,993.711
1389,14.151,835.081,993.742
1390,14.148,835.358,993.773
1391,14.146,835.634,993.803
1392,14.144,835.909,993.834
1393,14.141,836.184,993.864
1394,14.139,836.458,993.895
1395,14.137,836.732,993.925
1396,14.134,837.005,993.956
1397,14.132,837.278,993.986
1398,14.130,837.550,994.017
1399,14.127,837.822,994.047
1400,14.125,838.093,994.078
1401,14.123,838.364,994.108
1402,14.120,838.635,994.138
1403,14.118,838.905,994.168
1404,14.116,839.174,994.199
1405,14.114,839.443,994.228
1406,14.111,839.711,994.259
1407,14.109,839.979,994.288
1408,14.107,840.247,994.319
1409,14.105,840.514,994.348
1410,14.102,840.780,994.378
1411,14.100,841.046,994.407
1412,14.098,841.312,994.438
1413,14.096,841.578,994.467
1414,14.093,841.842,994.497
1415,14.091,842.106,994.526
1416,14.089,842.370,994.556
1417,14.087,842.633,994.585
1418,14.085,842.896,994.615
1419,14.083,843.159,994.644
1420,14.080,843.420,994.674
1421,14.078,843.682,994.703
1422,14.076,843.943,994.733
1423,14.074,844.203,994.761
1424,14.072,844.464,994.791
1425,14.070,844.723,994.820
1426,14.068,844.982,994.850
1427,14.065,845.240,994.878
1428,14.063,845.498,994.908
1429,14.061,845.756,994.936
1430,14.059,846.014,994.966
1431,14.057,846.271,994.994
1432,14.055,846.527,995.024
1433,14.053,846.783,995.052
1434,14.051,847.039,995.081
1435,14.049,847.294,995.109
1436,14.047,847.548,995.139
1437,14.045,847.802,995.167
1438,14.043,848.056,995.196
1439,14.041,848.309,995.224
1440,14.039,848.562,995.253
1441,14.037,848.815,995.281
1442,14.035,849.066,995.310
1443,14.033,849.318,995.338
1444,14.031,849.569,995.367
1445,14.029,849.820,995.395
1446,14.027,850.070,995.424
1447,14.025,850.319,995.451
1448,14.023,850.569,995.480
1449,14.021,850.817,995.508
1450,14.019,851.065,995.537
1451,14.017,851.313,995.564
1452,14.015,851.561,995.593
1453,14.013,851.808,995.620
1454,14.011,852.055,995.649
1455,14.009,852.301,995.676
1456,14.007,852.547,995.705
1457,14.005,852.792,995.732
1458,14.003,853.037,995.760
1459,14.001,853.282,995.788
1460,13.999,853.526,995.816
1461,13.998,853.769,995.843
1462,13.996,854.012,995.871
1463,13.994,854.255,995.899
1464,13.992,854.498,995.927
1465,13.990,854.740,995.954
1466,13.988,854.981,995.982
1467,13.986,855.222,996.009
1468,13.984,855.463,996.036
1469,13.983,855.703,996.063
1470,13.981,855.943,996.091
1471,13.979,856.183,996.118
1472,13.977,856.422,996.146
1473,13.975,856.660,996.172
1474,13.973,856.898,996.200
1475,13.972,857.136,996.227
1476,13.970,857.374,996.254
1477,13.968,857.611,996.281
1478,13.966,857.847,996.308
1479,13.964,858.083,996.335
1480,13.963,858.319,996.362
1481,13.961,858.554,996.389
1482,13.959,858.789,996.416
1483,13.957,859.024,996.442
1484,13.956,859.258,996.469
1485,13.954,859.491,996.496
1486,13.952,859.725,996.523
1487,13.950,859.958,996.549
1488,13.949,860.190,996.576
1489,13.947,860.422,996.602
1490,13.945,860.654,996.629
1491,13.943,860.885,996.655
1492,13.942,861.116,996.682
1493,13.940,861.346,996.708
1494,13.938,861.576,996.735
1495,13.937,861.806,996.761
1496,13.935,862.036,996.787
1497,13.933,862.264,996.813
1498,13.932,862.493,996.840
1499,13.930,862.721,996.866
1500,13.928,862.948,996.892
1501,13.926,863.175,996.918
1502,13.925,863.402,996.944
1503,13.923,863.629,996.970
1504,13.921,863.855,996.996
1505,13.920,864.081,997.022
1506,13.918,864.306,997.048
1507,13.917,864.531,997.074
1508,13.915,864.756,997.100
1509,13.913,864.981,997.126
1510,13.912,865.204,997.151
1511,13.910,865.427,997.177
1512,13.908,865.650,997.203
1513,13.907,865.873,997.229
1514,13.905,866.095,997.254
1515,13.904,866.317,997.280
1516,13.902,866.539,997.305
1517,13.900,866.760,997.331
1518,13.899,866.981,997.356
1519,13.897,867.201,997.382
1520,13.896,867.421,997.407
1521,13.894,867.641,997.433
1522,13.892,867.860,997.458
1523,13.891,868.079,997.484
1524,13.889,868.298,997.509
1525,13.888,868.515,997.534
1526,13.886,868.733,997.559
1527,13.885,868.950,997.584
1528,13.883,869.167,997.609
1529,13.882,869.384,997.634
1530,13.880,869.601,997.659
1531,13.878,869.817,997.684
1532,13.877,870.032,997.709
1533,13.875,870.247,997.734
1534,13.874,870.462,997.759
1535,13.872,870.677,997.784
1536,13.871,870.891,997.809
1537,13.869,871.104,997.834
1538,13.868,871.318,997.859
1539,13.866,871.530,997.883
1540,13.865,871.743,997.908
1541,13.863,871.955,997.932
1542,13.862,872.167,997.957
1543,13.860,872.379,997.981
1544,13.859,872.590,998.006
1545,13.857,872.801,998.030
1546,13.856,873.011,998.055
1547,13.855,873.221,998.079
1548,13.853,873.431,998.104
1549,13.852,873.640,998.128
1550,13.850,873.849,998.152
1551,13.849,874.058,998.176
1552,13.847,874.267,998.201
1553,13.846,874.475,998.225
1554,13.844,874.682,998.249
1555,13.843,874.889,998.273
1556,13.842,875.096,998.298
1557,13.840,875.303,998.321
1558,13.839,875.509,998.346
1559,13.837,875.715,998.369
1560,13.836,875.921,998.393
1561,13.834,876.126,998.417
1562,13.833,876.330,998.441
1563,13.832,876.535,998.465
1564,13.830,876.739,998.489
1565,13.829,876.943,998.512
1566,13.827,877.146,998.536
1567,13.826,877.350,998.560
1568,13.825,877.552,998.584
1569,13.823,877.755,998.607
1570,13.822,877.957,998.631
1571,13.821,878.159,998.654
1572,13.819,878.360,998.678
1573,13.818,878.562,998.701
1574,13.816,878.762,998.725
1575,13.815,878.962,998.748
1576,13.814,879.162,998.772
1577,13.812,879.362,998.795
1578,13.811,879.561,998.819
1579,13.810,879.760,998.842
1580,13.808,879.959,998.866
1581,13.807,880.158,998.888
1582,13.806,880.356,998.912
1583,13.804,880.553,998.934
1584,13.803,880.751,998.958
1585,13.802,880.948,998.981
1586,13.800,881.145,999.005
1587,13.799,881.341,999.027
1588,13.798,881.538,999.051
1589,13.797,881.733,999.073
1590,13.795,881.928,999.097
1591,13.794,882.123,999.119
1592,13.793,882.318,999.142
1593,13.791,882.512,999.164
1594,13.790,882.706,999.188
1595,13.789,882.900,999.210
1596,13.787,883.094,999.234
1597,13.786,883.287,999.256
1598,13.785,883.480,999.279
1599,13.784,883.672,999.301
1600,13.782,883.865,999.324
1601,13.781,884.057,999.346
1602,13.780,884.248,999.369
1603,13.779,884.440,999.391
1604,13.777,884.631,999.414
1605,13.776,884.821,999.436
1606,13.775,885.011,999.459
1607,13.774,885.201,999.481
1608,13.772,885.391,999.504
1609,13.771,885.580,999.526
1610,13.770,885.769,999.548
1611,13.769,885.958,999.570
1612,13.767,886.146,999.593
1613,13.766,886.334,999.614
1614,13.765,886.522,999.637
1615,13.764,886.709,999.659
1616,13.763,886.896,999.681
1617,13.761,887.083,999.703
1618,13.760,887.270,999.725
1619,13.759,887.456,999.747
1620,13.758,887.642,999.769
1621,13.757,887.827,999.791
1622,13.755,888.013,999.813
1623,13.754,888.198,999.834
1624,13.753,888.383,999.856
1625,13.752,888.567,999.878
1626,13.751,888.751,999.900
1627,13.749,888.935,999.921
1628,13.748,889.118,999.943
1629,13.747,889.302,999.965
1630,13.746,889.484,999.987
1631,13.745,889.667,1000.011
1632,13.744,889.849,1000.032
1633,13.742,890.031,1000.052
1634,13.741,890.212,1000.072
1635,13.740,890.394,1000.092
1636,13.739,890.575,1000.112
1637,13.738,890.756,1000.132
1638,13.737,890.936,1000.158
1639,13.735,891.117,1000.182
1640,13.734,891.296,1000.202
1641,13.733,891.476,1000.222
1642,13.732,891.655,1000.242
1643,13.731,891.834,1000.262
1644,13.730,892.013,1000.288
1645,13.729,892.191,1000.312
1646,13.728,892.370,1000.332
1647,13.726,892.547,1000.352
1648,13.725,892.725,1000.372
1649,13.724,892.902,1000.392
1650,13.723,893.079,1000.412
1651,13.722,893.255,1000.432
1652,13.721,893.431,1000.452
1653,13.720,893.607,1000.472
1654,13.719,893.783,1000.498
1655,13.718,893.959,1000.516
1656,13.716,894.134,1000.538
1657,13.715,894.309,1000.562
1658,13.714,894.484,1000.582
1659,13.713,894.658,1000.602
1660,13.712,894.832,1000.622
1661,13.711,895.006,1000.642
1662,13.710,895.180,1000.662
1663,13.709,895.353,1000.682
1664,13.708,895.526,1000.702
1665,13.707,895.699,1000.722
1666,13.706,895.871,1000.742
1667,13.705,896.043,1000.762
1668,13.703,896.214,1000.782
1669,13.702,896.386,1000.802
1670,13.701,896.557,1000.828
1671,13.700,896.728,1000.846
1672,13.699,896.899,1000.868
1673,13.698,897.069,1000.892
1674,13.697,897.240,1000.912
1675,13.696,897.409,1000.932
1676,13.695,897.579,1000.952
1677,13.694,897.748,1000.972
1678,13.693,897.917,1000.992
1679,13.692,898.086,1001.012
1680,13.691,898.254,1001.032
1681,13.690,898.422,1001.052
1682,13.689,898.590,1001.072
1683,13.688,898.758,1001.092
1684,13.687,898.926,1001.112
1685,13.686,899.093,1001.132
1686,13.685,899.260,1001.152
1687,13.684,899.426,1001.172
1688,13.683,899.592,1001.192
1689,13.682,899.758,1001.212
1690,13.681,899.924,1001.232
1691,13.680,900.090,1001.252
1692,13.679,900.255,1001.272
1693,13.678,900.420,1001.292
1694,13.677,900.585,1001.312
1695,13.676,900.749,1001.326
1696,13.675,900.913,1001.348
1697,13.674,901.077,1001.366
1698,13.673,901.240,1001.382
1699,13.672,901.404,1001.402
1700,13.671,901.567,1001.422
1701,13.670,901.730,1001.442
1702,13.669,901.892,1001.462
1703,13.668,902.055,1001.482
1704,13.667,902.217,1001.502
1705,13.666,902.379,1001.522
1706,13.665,902.540,1001.542
1707,13.664,902.701,1001.562
1708,13.663,902.862,1001.582
1709,13.662,903.023,1001.602
1710,13.661,903.184,1001.622
1711,13.660,903.344,1001.642
1712,13.659,903.504,1001.662
1713,13.658,903.664,1001.676
1714,13.657,903.823,1001.692
1715,13.656,903.982,1001.712
1716,13.655,904.141,1001.732
1717,13.654,904.300,1001.752
1718,13.653,904.458,1001.772
1719,13.652,904.616,1001.792
1720,13.651,904.774,1001.812
1721,13.650,904.932,1001.832
1722,13.650,905.090,1001.852
1723,13.649,905.247,1001.866
1724,13.648,905.404,1001.882
1725,13.647,905.561,1001.902
1726,13.646,905.717,1001.922
1727,13.645,905.873,1001.942
1728,13.644,906.029,1001.962
1729,13.643,906.185,1001.982
1730,13.642,906.340,1002.002
1731,13.641,906.496,1002.016
1732,13.640,906.651,1002.032
1733,13.639,906.805,1002.052
1734,13.638,906.959,1002.072
1735,13.638,907.114,1002.092
1736,13.637,907.267,1002.112
1737,13.636,907.421,1002.132
1738,13.635,907.574,1002.152
1739,13.634,907.727,1002.166
1740,13.633,907.880,1002.182
1741,13.632,908.033,1002.202
1742,13.631,908.186,1002.222
1743,13.630,908.338,1002.242
1744,13.629,908.490,1002.262
1745,13.629,908.642,1002.276
1746,13.628,908.793,1002.292
1747,13.627,908.944,1002.312
1748,13.626,909.095,1002.332
1749,13.625,909.246,1002.352
1750,13.624,909.397,1002.372
1751,13.623,909.548,1002.386
1752,13.622,909.697,1002.402
1753,13.622,909.847,1002.422
1754,13.621,909.996,1002.442
1755,13.620,910.146,1002.462
1756,13.619,910.295,1002.476
1757,13.618,910.444,1002.492
1758,13.617,910.592,1002.512
1759,13.616,910.741,1002.532
1760,13.615,910.889,1002.552
1761,13.615,911.037,1002.566
1762,13.614,911.185,1002.582
1763,13.613,911.332,1002.602
1764,13.612,911.480,1002.622
1765,13.611,911.627,1002.636
1766,13.610,911.773,1002.652
1767,13.610,911.920,1002.672
1768,13.609,912.066,1002.692
1769,13.608,912.212,1002.712
1770,13.607,912.358,1002.726
1771,13.606,912.503,1002.742
1772,13.605,912.648,1002.762
1773,13.604,912.793,1002.782
1774,13.604,912.938,1002.796
1775,13.603,913.083,1002.812
1776,13.602,913.228,1002.832
1777,13.601,913.372,1002.852
1778,13.600,913.516,1002.866
1779,13.599,913.660,1002.882
1780,13.599,913.803,1002.902
1781,13.598,913.947,1002.922
1782,13.597,914.090,1002.936
1783,13.596,914.233,1002.952
1784,13.595,914.375,1002.972
1785,13.595,914.518,1002.992
1786,13.594,914.660,1003.006
1787,13.593,914.802,1003.022
1788,13.592,914.944,1003.042
1789,13.591,915.085,1003.056
1790,13.591,915.227,1003.072
1791,13.590,915.368,1003.092
1792,13.589,915.508,1003.112
1793,13.588,915.649,1003.126
1794,13.587,915.789,1003.142
1795,13.587,915.929,1003.162
1796,13.586,916.069,1003.182
1797,13.585,916.209,1003.196
1798,13.584,916.349,1003.212
1799,13.583,916.488,1003.232
1800,13.583,916.627,1003.246
1801,13.582,916.766,1003.262
1802,13.581,916.905,1003.282
1803,13.580,917.043,1003.296
1804,13.579,917.181,1003.312
1805,13.579,917.319,1003.332
1806,13.578,917.457,1003.346
1807,13.577,917.595,1003.362
1808,13.576,917.732,1003.382
1809,13.576,917.870,1003.396
1810,13.575,918.007,1003.412
1811,13.574,918.143,1003.432
1812,13.573,918.280,1003.446
1813,13.572,918.416,1003.462
1814,13.572,918.552,1003.482
1815,13.571,918.688,1003.496
1816,13.570,918.823,1003.512
1817,13.569,918.958,1003.532
1818,13.569,919.094,1003.546
1819,13.568,919.229,1003.562
1820,13.567,919.364,1003.582
1821,13.566,919.498,1003.596
1822,13.566,919.633,1003.612
1823,13.565,919.767,1003.626
1824,13.564,919.901,1003.642
1825,13.563,920.035,1003.662
1826,13.563,920.168,1003.676
1827,13.562,920.301,1003.692
1828,13.561,920.434,1003.712
1829,13.560,920.567,1003.726
1830,13.560,920.700,1003.742
1831,13.559,920.833,1003.762
1832,13.558,920.965,1003.776
1833,13.557,921.098,1003.792
1834,13.557,921.229,1003.806
1835,13.556,921.361,1003.822
1836,13.555,921.492,1003.842
1837,13.555,921.624,1003.856
1838,13.554,921.755,1003.872
1839,13.553,921.885,1003.886
1840,13.552,922.016,1003.902
1841,13.552,922.146,1003.922
1842,13.551,922.276,1003.936
1843,13.550,922.406,1003.952
1844,13.550,922.536,1003.966
1845,13.549,922.666,1003.982
1846,13.548,922.796,1004.002
1847,13.547,922.925,1004.016
1848,13.547,923.054,1004.032
1849,13.546,923.183,1004.046
1850,13.545,923.312,1004.062
1851,13.545,923.440,1004.076
1852,13.544,923.568,1004.092
1853,13.543,923.696,1004.112
1854,13.542,923.824,1004.126
1855,13.542,923.951,1004.142
1856,13.541,924.079,1004.156
1857,13.540,924.206,1004.172
1858,13.540,924.333,1004.186
1859,13.539,924.460,1004.202
1860,13.538,924.587,1004.222
1861,13.538,924.713,1004.236
1862,13.537,924.840,1004.252
1863,13.536,924.966,1004.266
1864,13.535,925.092,1004.282
1865,13.535,925.217,1004.296
1866,13.534,925.343,1004.312
1867,13.533,925.468,1004.326
1868,13.533,925.593,1004.342
1869,13.532,925.718,1004.356
1870,13.531,925.843,1004.372
1871,13.531,925.968,1004.386
1872,13.530,926.092,1004.402
1873,13.529,926.216,1004.422
1874,13.529,926.340,1004.436
1875,13.528,926.464,1004.452
1876,13.527,926.588,1004.466
1877,13.527,926.711,1004.482
1878,13.526,926.834,1004.496
1879,13.525,926.957,1004.512
1880,13.525,927.080,1004.526
1881,13.524,927.202,1004.542
1882,13.523,927.325,1004.556
1883,13.523,927.447,1004.572
1884,13.522,927.569,1004.586
1885,13.521,927.691,1004.602
1886,13.521,927.813,1004.616
1887,13.520,927.934,1004.632
1888,13.519,928.056,1004.646
1889,13.519,928.177,1004.662
1890,13.518,928.298,1004.676
1891,13.517,928.418,1004.692
1892,13.517,928.539,1004.706
1893,13.516,928.659,1004.722
1894,13.515,928.779,1004.736
1895,13.515,928.899,1004.752
1896,13.514,929.019,1004.766
1897,13.513,929.139,1004.782
1898,13.513,929.259,1004.796
1899,13.512,929.378,1004.806
1900,13.511,929.497,1004.822
1901,13.511,929.616,1004.836
1902,13.510,929.735,1004.852
1903,13.510,929.853,1004.866
1904,13.509,929.972,1004.882
1905,13.508,930.090,1004.896
1906,13.508,930.208,1004.912
1907,13.507,930.326,1004.926
1908,13.506,930.443,1004.942
1909,13.506,930.561,1004.956
1910,13.505,930.678,1004.972
1911,13.505,930.795,1004.986
1912,13.504,930.912,1005.002
1913,13.503,931.029,1005.016
1914,13.503,931.145,1005.026
1915,13.502,931.262,1005.042
1916,13.501,931.378,1005.056
1917,13.501,931.494,1005.072
1918,13.500,931.610,1005.086
1919,13.500,931.726,1005.096
1920,13.499,931.841,1005.112
1921,13.498,931.956,1005.126
1922,13.498,932.072,1005.142
1923,13.497,932.187,1005.156
1924,13.496,932.302,1005.172
1925,13.496,932.416,1005.186
1926,13.495,932.531,1005.202
1927,13.495,932.645,1005.216
1928,13.494,932.759,1005.226
1929,13.493,932.873,1005.242
1930,13.493,932.987,1005.256
1931,13.492,933.101,1005.266
1932,13.492,933.214,1005.282
1933,13.491,933.327,1005.296
1934,13.490,933.440,1005.312
1935,13.490,933.553,1005.326
1936,13.489,933.666,1005.342
1937,13.489,933.778,1005.356
1938,13.488,933.891,1005.366
1939,13.487,934.003,1005.382
1940,13.487,934.115,1005.396
1941,13.486,934.227,1005.406
1942,13.486,934.338,1005.422
1943,13.485,934.450,1005.436
1944,13.484,934.562,1005.452
1945,13.484,934.673,1005.466
1946,13.483,934.784,1005.476
1947,13.483,934.895,1005.492
1948,13.482,935.005,1005.506
1949,13.481,935.116,1005.516
1950,13.481,935.226,1005.532
1951,13.480,935.336,1005.546
1952,13.480,935.446,1005.562
1953,13.479,935.556,1005.576
1954,13.479,935.666,1005.586
1955,13.478,935.775,1005.602
1956,13.477,935.885,1005.616
1957,13.477,935.994,1005.626
1958,13.476,936.103,1005.642
1959,13.476,936.212,1005.656
1960,13.475,936.321,1005.672
1961,13.475,936.429,1005.686
1962,13.474,936.538,1005.696
1963,13.473,936.646,1005.706
1964,13.473,936.754,1005.722
1965,13.472,936.862,1005.736
1966,13.472,936.970,1005.752
1967,13.471,937.077,1005.766
1968,13.471,937.184,1005.776
1969,13.470,937.292,1005.786
1970,13.469,937.399,1005.802
1971,13.469,937.506,1005.816
1972,13.468,937.612,1005.832
1973,13.468,937.719,1005.846
1974,13.467,937.826,1005.856
1975,13.467,937.932,1005.866
1976,13.466,938.038,1005.882
1977,13.465,938.144,1005.896
1978,13.465,938.250,1005.906
1979,13.464,938.356,1005.922
1980,13.464,938.461,1005.936
1981,13.463,938.566,1005.946
1982,13.463,938.671,1005.962
1983,13.462,938.776,1005.976
1984,13.462,938.881,1005.986
1985,13.461,938.986,1006.002
1986,13.461,939.090,1006.016
1987,13.460,939.194,1006.026
1988,13.459,939.299,1006.042
1989,13.459,939.403,1006.056
1990,13.458,939.507,1006.066
1991,13.458,939.611,1006.076
1992,13.457,939.714,1006.092
1993,13.457,939.818,1006.106
1994,13.456,939.921,1006.116
1995,13.456,940.024,1006.132
1996,13.455,940.127,1006.146
1997,13.455,940.230,1006.156
1998,13.454,940.333,1006.166
1999,13.454,940.435,1006.182
